
                                                    000
                                                    000
                                                    000
                                       0            000              000
                                    11111     0     000    110        0000
                                11111 011    000    000    111          000
                             01110    011    000    000    111           000
                             11       011    000    001    111    011     000
                      000000 11       011    000    111    111    111     000
                     0000000  1       011    000    111    111    111      00
                      000000 11       011    000    111    111    111     000
                             11       011    000    000    111    101     000
                             1111     011    000    000    111           000
                               01111  011    000    000    111          000
                                   111111     0     000    110        000
                                      111           000              00
                                                    000
                                                    000
                                                    000

        00000                                      111      111         11
      000    0                                 00   11     011
      000       0000000 00000   000000  00000000000  11    11  1111110  11   111111  011111
·       000000  00    00    00       00 00     00    111  110 11    111 11 011      11    111      ·
·            00 00    00    00 00000000 00     00     110011  11     11 11 110      111111111      ·
      00     00 00    00    00 00    00 00     00      1111   111   110 11  11    1 111
        000000  00    00    00  0000 00 00      000     11      11110   11   01111    11111